{
 "cells": [
  {
   "cell_type": "code",
   "execution_count": 87,
   "id": "88455164",
   "metadata": {},
   "outputs": [
    {
     "name": "stdout",
     "output_type": "stream",
     "text": [
      "Found 19 RGB images\n",
      "Reference point: 30.2992, -81.6397\n",
      "Reference point: 30.2992, -81.6397\n",
      "Reference point: 30.2992, -81.6397\n",
      "Reference point: 30.2992, -81.6397\n",
      "Reference point: 30.2992, -81.6397\n",
      "Reference point: 30.2992, -81.6397\n",
      "Reference point: 30.2992, -81.6397\n",
      "Reference point: 30.2992, -81.6397\n",
      "Reference point: 30.2992, -81.6397\n",
      "Reference point: 30.2992, -81.6397\n",
      "Reference point: 30.2992, -81.6397\n",
      "Reference point: 30.2992, -81.6397\n",
      "Reference point: 30.2992, -81.6397\n",
      "Reference point: 30.2992, -81.6397\n",
      "Reference point: 30.2992, -81.6397\n",
      "Reference point: 30.2992, -81.6397\n",
      "Reference point: 30.2992, -81.6397\n",
      "Reference point: 30.2992, -81.6397\n",
      "Reference point: 30.2992, -81.6397\n",
      "\n",
      "Results (sorted by filename):\n",
      "----------------------------------------------------------------------------------------------------\n",
      "File Name            Latitude   Longitude    Off-Nadir  Azimuth    Camera X   Camera Y   Camera Z  \n",
      "----------------------------------------------------------------------------------------------------\n",
      "JAX_068_001_RGB.tif  30.299200  -81.639700   44.19      249.68     455797.00  -168823.54 499979.00 \n",
      "JAX_068_002_RGB.tif  30.299400  -81.639700   30.58      244.67     267029.80  -126381.02 499979.00 \n",
      "JAX_068_003_RGB.tif  30.300700  -81.639600   39.96      225.28     297720.59  -294640.79 499981.00 \n",
      "JAX_068_004_RGB.tif  30.299600  -81.640300   18.24      92.35      -164560.07 -6712.15   499980.00 \n",
      "JAX_068_005_RGB.tif  30.299800  -81.640800   38.13      250.69     370452.70  -129732.59 499981.00 \n",
      "JAX_068_006_RGB.tif  30.300300  -81.640800   33.32      314.36     235065.13  229908.18  499979.00 \n",
      "JAX_068_007_RGB.tif  30.299900  -81.640200   27.57      138.92     -171540.33 -196728.61 499979.00 \n",
      "JAX_068_009_RGB.tif  30.302700  -81.640100   45.00      152.82     -228346.26 -444402.95 499981.00 \n",
      "JAX_068_010_RGB.tif  30.315100  -81.640000   45.00      157.85     -188493.73 -461327.46 499981.00 \n",
      "JAX_068_011_RGB.tif  30.299600  -81.640600   11.63      218.05     63531.76   -81002.15  499979.00 \n",
      "JAX_068_012_RGB.tif  30.299800  -81.640900   37.84      355.96     27476.63   387481.69  499979.00 \n",
      "JAX_068_013_RGB.tif  30.300900  -81.640100   42.03      171.95     -63093.43  -446063.02 499979.00 \n",
      "JAX_068_014_RGB.tif  30.301300  -81.638600   45.00      98.81      -494205.42 -76352.74  499981.00 \n",
      "JAX_068_015_RGB.tif  30.300400  -81.641400   45.00      274.04     498923.50  35323.85   499981.00 \n",
      "JAX_068_016_RGB.tif  30.301000  -81.640000   42.17      138.69     -298979.28 -340051.94 499981.00 \n",
      "JAX_068_018_RGB.tif  30.299400  -81.639800   14.65      110.67     -122253.32 -46093.89  499979.00 \n",
      "JAX_068_019_RGB.tif  30.300000  -81.640900   27.13      250.64     241848.16  -84828.58  499979.00 \n",
      "JAX_068_020_RGB.tif  30.299500  -81.639600   45.00      99.85      -492646.37 -85459.43  499981.00 \n",
      "JAX_068_022_RGB.tif  30.299500  -81.641200   27.08      303.90     212308.96  142590.28  499979.00 \n",
      "Created extrinsic for index 1:\n",
      "[[ 3.47332153e-01  9.37742169e-01  0.00000000e+00  2.91038305e-11]\n",
      " [-6.72392126e-01  2.49048632e-01  6.97039172e-01  1.46378226e+01]\n",
      " [-6.53643025e-01  2.42104116e-01 -7.17033049e-01  6.97302871e+05]]\n",
      "Created extrinsic for index 2:\n",
      "[[ 4.27852696e-01  9.03848478e-01  0.00000000e+00 -2.01231905e+01]\n",
      " [-7.78159457e-01  3.68355570e-01  5.08706236e-01  2.48180006e+00]\n",
      " [-4.59793357e-01  2.17651334e-01 -8.60940164e-01  5.80737528e+05]]\n",
      "Created extrinsic for index 3:\n",
      "[[ 7.03610740e-01  7.10585622e-01  0.00000000e+00 -1.11890393e+02]\n",
      " [-5.44638861e-01  5.39292860e-01  6.42286324e-01 -8.30819864e+01]\n",
      " [-4.56399427e-01  4.51919556e-01 -7.66464792e-01  6.52251275e+05]]\n",
      "Created extrinsic for index 4:\n",
      "[[ 4.10101009e-02 -9.99158732e-01  0.00000000e+00  4.21253610e+01]\n",
      " [ 9.48967283e-01  3.89500114e-02  3.12960050e-01 -5.02003185e+01]\n",
      " [ 3.12696766e-01  1.28345232e-02 -9.49766291e-01  5.26407701e+05]]\n",
      "Created extrinsic for index 5:\n",
      "[[ 3.30754344e-01  9.43716888e-01  0.00000000e+00 -9.80014170e+01]\n",
      " [-7.42366708e-01  2.60185037e-01  6.17410250e-01  7.28392345e+01]\n",
      " [-5.82660480e-01  2.04211122e-01 -7.86641331e-01  6.35646707e+05]]\n",
      "Created extrinsic for index 6:\n",
      "[[-6.99191752e-01  7.14934188e-01  0.00000000e+00 -1.36227490e+01]\n",
      " [-5.97434182e-01 -5.84279028e-01  5.49263521e-01  1.46244006e+02]\n",
      " [-3.92687269e-01 -3.84040524e-01 -8.35649199e-01  5.98408192e+05]]\n",
      "Created extrinsic for index 7:\n",
      "[[ 7.53747198e-01 -6.57164486e-01  0.00000000e+00  1.49859964e+01]\n",
      " [ 5.82519943e-01  6.68132233e-01  4.62892899e-01 -7.03365732e+01]\n",
      " [ 3.04196774e-01  3.48904225e-01 -8.86414217e-01  5.64009954e+05]]\n",
      "Created extrinsic for index 9:\n",
      "[[ 8.89585130e-01 -4.56769413e-01  0.00000000e+00  1.43765215e+02]\n",
      " [ 3.22984750e-01  6.29031678e-01  7.07106781e-01 -2.44064455e+02]\n",
      " [ 3.22984750e-01  6.29031678e-01 -7.07106781e-01  7.06835847e+05]]\n",
      "Created extrinsic for index 10:\n",
      "[[ 9.26194886e-01 -3.77045133e-01  0.00000000e+00  6.40656348e+02]\n",
      " [ 2.66611170e-01  6.54918685e-01  7.07106781e-01 -1.15344536e+03]\n",
      " [ 2.66611170e-01  6.54918685e-01 -7.07106781e-01  7.05926466e+05]]\n",
      "Created extrinsic for index 11:\n",
      "[[ 7.87422845e-01  6.16413225e-01  0.00000000e+00 -9.55613179e+01]\n",
      " [-6.03753774e-01  7.71251322e-01  2.01625340e-01  2.21180301e+01]\n",
      " [-1.24284526e-01  1.58764399e-01 -9.79462721e-01  5.10467064e+05]]\n",
      "Created extrinsic for index 12:\n",
      "[[-9.97515325e-01  7.04498176e-02  0.00000000e+00  1.10344209e+02]\n",
      " [-5.56371563e-02 -7.87779415e-01  6.13439566e-01  7.19163335e+01]\n",
      " [-4.32167055e-02 -6.11915368e-01 -7.89741666e-01  6.33147696e+05]]\n",
      "Created extrinsic for index 13:\n",
      "[[ 9.90140689e-01 -1.40076467e-01  0.00000000e+00 -1.15578599e+01]\n",
      " [ 1.04045991e-01  7.35456649e-01  6.69535622e-01 -1.29119965e+02]\n",
      " [ 9.37861846e-02  6.62934462e-01 -7.42779948e-01  6.73002214e+05]]\n",
      "Created extrinsic for index 14:\n",
      "[[ 1.53173015e-01 -9.88199387e-01  0.00000000e+00  2.47206491e+02]\n",
      " [ 6.98762487e-01  1.08309678e-01  7.07106781e-01  6.19919625e+01]\n",
      " [ 6.98762487e-01  1.08309678e-01 -7.07106781e-01  7.07141903e+05]]\n",
      "Created extrinsic for index 15:\n",
      "[[-7.03805336e-02  9.97520216e-01  0.00000000e+00 -1.21752443e+02]\n",
      " [-7.05353309e-01 -4.97665526e-02  7.07106781e-01  1.35332816e+02]\n",
      " [-7.05353309e-01 -4.97665526e-02 -7.07106781e-01  7.07215244e+05]]\n",
      "Created extrinsic for index 16:\n",
      "[[ 7.51166533e-01 -6.60112747e-01  0.00000000e+00  1.10610965e+02]\n",
      " [ 4.89212716e-01  5.56693113e-01  6.71389378e-01 -1.12897020e+02]\n",
      " [ 4.43192687e-01  5.04325231e-01 -7.41104786e-01  6.74540513e+05]]\n",
      "Created extrinsic for index 18:\n",
      "[[ 3.52917935e-01 -9.35654280e-01  0.00000000e+00  1.74392925e+01]\n",
      " [ 9.05250672e-01  3.41450048e-01  2.52849928e-01 -1.09928450e+01]\n",
      " [ 2.36580117e-01  8.92352745e-02 -9.67505511e-01  5.16768344e+05]]\n",
      "Created extrinsic for index 19:\n",
      "[[ 3.31432077e-01  9.43479082e-01  0.00000000e+00 -1.22248220e+02]\n",
      " [-8.39657747e-01  2.94960976e-01  4.56040447e-01  8.01518963e+01]\n",
      " [-4.30264623e-01  1.51146433e-01 -8.89959050e-01  5.61841079e+05]]\n",
      "Created extrinsic for index 20:\n",
      "[[ 1.70985644e-01 -9.85273520e-01  0.00000000e+00  3.45474475e+01]\n",
      " [ 6.96693587e-01  1.20905108e-01  7.07106781e-01  1.60934688e+01]\n",
      " [ 6.96693587e-01  1.20905108e-01 -7.07106781e-01  7.07096005e+05]]\n",
      "Created extrinsic for index 22:\n",
      "[[-5.57712930e-01  8.30033908e-01  0.00000000e+00  5.26859581e+01]\n",
      " [-7.39058494e-01 -4.96585108e-01  4.55187624e-01  1.32693110e+02]\n",
      " [-3.77821163e-01 -2.53864024e-01 -8.90395545e-01  5.61592433e+05]]\n",
      "Saved extrinsics to camera_extrinsics.json (JSON format)\n",
      "Saved extrinsics to selected_extrinsics.npz\n"
     ]
    }
   ],
   "source": [
    "import os\n",
    "import glob\n",
    "import math\n",
    "import json\n",
    "import numpy as np\n",
    "import matplotlib.pyplot as plt\n",
    "from mpl_toolkits.mplot3d import Axes3D\n",
    "import rasterio\n",
    "\n",
    "def extract_rpc_data(tif_path):\n",
    "    \"\"\"Extract RPC data from rgb TIF file\"\"\"\n",
    "    with rasterio.open(tif_path) as src:\n",
    "        # Get RPC data\n",
    "        rpc_data = {}\n",
    "        try:\n",
    "            # Check if there are RPC tags\n",
    "            if 'RPC' in src.tag_namespaces():\n",
    "                rpc_tags = src.tags(ns='RPC')\n",
    "                \n",
    "                # Extract all RPC parameters\n",
    "                rpc_data[\"LAT_OFF\"] = float(rpc_tags.get(\"LAT_OFF\", 0))\n",
    "                rpc_data[\"LONG_OFF\"] = float(rpc_tags.get(\"LONG_OFF\", 0))\n",
    "                rpc_data[\"HEIGHT_OFF\"] = float(rpc_tags.get(\"HEIGHT_OFF\", 0))\n",
    "                rpc_data[\"LAT_SCALE\"] = float(rpc_tags.get(\"LAT_SCALE\", 1))\n",
    "                rpc_data[\"LONG_SCALE\"] = float(rpc_tags.get(\"LONG_SCALE\", 1))\n",
    "                rpc_data[\"HEIGHT_SCALE\"] = float(rpc_tags.get(\"HEIGHT_SCALE\", 1))\n",
    "                rpc_data[\"LINE_OFF\"] = float(rpc_tags.get(\"LINE_OFF\", 0))\n",
    "                rpc_data[\"SAMP_OFF\"] = float(rpc_tags.get(\"SAMP_OFF\", 0))\n",
    "                rpc_data[\"LINE_SCALE\"] = float(rpc_tags.get(\"LINE_SCALE\", 1))\n",
    "                rpc_data[\"SAMP_SCALE\"] = float(rpc_tags.get(\"SAMP_SCALE\", 1))\n",
    "                \n",
    "                # Parse coefficient arrays\n",
    "                for coef in [\"LINE_NUM_COEFF\", \"LINE_DEN_COEFF\", \"SAMP_NUM_COEFF\", \"SAMP_DEN_COEFF\"]:\n",
    "                    if coef in rpc_tags:\n",
    "                        # Parse the coefficients from space-separated string\n",
    "                        rpc_data[coef] = [float(val) for val in rpc_tags[coef].split()]\n",
    "        except Exception as e:\n",
    "            print(f\"Error extracting RPC data from {os.path.basename(tif_path)}: {e}\")\n",
    "            return None\n",
    "        \n",
    "        return rpc_data\n",
    "\n",
    "def calculate_viewing_angles(rpc_data):\n",
    "    \"\"\"Calculate approximate satellite viewing angles from RPC data\"\"\"\n",
    "    if not rpc_data:\n",
    "        return None, None\n",
    "    \n",
    "    # Extract first-order coefficients for height\n",
    "    try:\n",
    "        line_z_coef = rpc_data[\"LINE_NUM_COEFF\"][3]  # Coefficient for Z\n",
    "        samp_z_coef = rpc_data[\"SAMP_NUM_COEFF\"][3]  # Coefficient for Z\n",
    "        \n",
    "        # Estimate off-nadir angle\n",
    "        gradient_magnitude = math.sqrt(line_z_coef**2 + samp_z_coef**2)\n",
    "        off_nadir_angle = math.atan(gradient_magnitude) * (180/math.pi) * 30\n",
    "        off_nadir_angle = min(45, max(0, off_nadir_angle))\n",
    "        \n",
    "        # Estimate azimuth angle\n",
    "        azimuth = math.atan2(samp_z_coef, line_z_coef) * (180/math.pi)\n",
    "        if azimuth < 0:\n",
    "            azimuth += 360\n",
    "            \n",
    "        return off_nadir_angle, azimuth\n",
    "    except (KeyError, IndexError) as e:\n",
    "        print(f\"Error calculating viewing angles: {e}\")\n",
    "        return None, None\n",
    "\n",
    "def estimate_camera_position(lat, lon, alt, off_nadir, azimuth, satellite_height=500000):\n",
    "    \"\"\"\n",
    "    Estimate the camera position in 3D space with flipped x-axis\n",
    "    \n",
    "    Args:\n",
    "        lat, lon, alt: The ground point location (degrees, degrees, meters)\n",
    "        off_nadir: Off-nadir angle in degrees\n",
    "        azimuth: Azimuth angle in degrees\n",
    "        satellite_height: Approximate satellite height in meters\n",
    "    \n",
    "    Returns:\n",
    "        tuple: (camera_x, camera_y, camera_z) in meters in local ENU coordinates\n",
    "    \"\"\"\n",
    "    # Calculate slant range (distance from ground to satellite)\n",
    "    slant_range = satellite_height / math.cos(math.radians(off_nadir))\n",
    "    \n",
    "    # Calculate direction vector components\n",
    "    # X is East, Y is North, Z is Up\n",
    "    x = slant_range * math.sin(math.radians(off_nadir)) * math.sin(math.radians(azimuth))\n",
    "    y = slant_range * math.sin(math.radians(off_nadir)) * math.cos(math.radians(azimuth))\n",
    "    z = slant_range * math.cos(math.radians(off_nadir))\n",
    "    \n",
    "    # Flip the X-axis\n",
    "    x = -x\n",
    "    \n",
    "    return (x, y, z)\n",
    "\n",
    "def latlon_to_xyz(lat, lon, alt=0, ref_lat=None, ref_lon=None):\n",
    "    \"\"\"\n",
    "    Convert latitude, longitude to local ENU coordinates with flipped x-axis\n",
    "    \n",
    "    Args:\n",
    "        lat, lon: Point coordinates (degrees)\n",
    "        alt: Altitude in meters\n",
    "        ref_lat, ref_lon: Reference point (degrees), if None will use the input point\n",
    "    \n",
    "    Returns:\n",
    "        tuple: (x, y, z) in meters in local ENU coordinates\n",
    "    \"\"\"\n",
    "    # If no reference point specified, use the input point\n",
    "    if ref_lat is None:\n",
    "        print(\"No reference point specified, using input point as reference.\")\n",
    "        ref_lat = lat\n",
    "    if ref_lon is None:\n",
    "        print(\"No reference point specified, using input point as reference.\")\n",
    "        ref_lon = lon\n",
    "    print(f\"Reference point: {ref_lat}, {ref_lon}\")\n",
    "    \n",
    "    # Earth radius in meters\n",
    "    R = 6378137.0\n",
    "    \n",
    "    # Convert to radians\n",
    "    lat_rad = math.radians(lat)\n",
    "    lon_rad = math.radians(lon)\n",
    "    ref_lat_rad = math.radians(ref_lat)\n",
    "    ref_lon_rad = math.radians(ref_lon)\n",
    "    \n",
    "    # Calculate distance in east direction (x) - then flip it\n",
    "    x = -(R * math.cos(ref_lat_rad) * (lon_rad - ref_lon_rad))\n",
    "    \n",
    "    # Calculate distance in north direction (y)\n",
    "    y = R * (lat_rad - ref_lat_rad)\n",
    "    \n",
    "    # Z is just the altitude (relative to reference altitude)\n",
    "    z = alt\n",
    "    \n",
    "    return (x, y, z)\n",
    "\n",
    "def create_rotation_matrix(off_nadir, azimuth):\n",
    "    \"\"\"\n",
    "    Create a rotation matrix from off-nadir angle and azimuth\n",
    "    with flipped x-axis orientation\n",
    "    \n",
    "    Args:\n",
    "        off_nadir: Off-nadir angle in degrees\n",
    "        azimuth: Azimuth angle in degrees\n",
    "        \n",
    "    Returns:\n",
    "        numpy.ndarray: 3x3 rotation matrix and components\n",
    "    \"\"\"\n",
    "    # Convert angles to radians\n",
    "    off_nadir_rad = math.radians(off_nadir)\n",
    "    azimuth_rad = math.radians(azimuth)\n",
    "    \n",
    "    # Create rotation matrices for each axis\n",
    "    # First, set the camera to point downward (negative Z)\n",
    "    R_nadir = np.array([\n",
    "        [-1, 0, 0],   # Changed from -1 to 1 for x-axis flip\n",
    "        [0, 1, 0],\n",
    "        [0, 0, -1]  # Points downward\n",
    "    ])\n",
    "    \n",
    "    # Rotation for off-nadir angle (rotation around x-axis)\n",
    "    R_off_nadir = np.array([\n",
    "        [1, 0, 0],\n",
    "        [0, math.cos(off_nadir_rad), -math.sin(off_nadir_rad)],\n",
    "        [0, math.sin(off_nadir_rad), math.cos(off_nadir_rad)]\n",
    "    ])\n",
    "    \n",
    "    # Rotation for azimuth angle (rotation around z-axis)\n",
    "    # Modified for flipped x-axis\n",
    "    R_azimuth = np.array([\n",
    "        [math.cos(azimuth_rad), math.sin(azimuth_rad), 0],  # Changed signs\n",
    "        [math.sin(azimuth_rad), -math.cos(azimuth_rad), 0],\n",
    "        [0, 0, 1]\n",
    "    ])\n",
    "    \n",
    "    # Apply rotations in correct order\n",
    "    R = R_azimuth @ R_off_nadir @ R_nadir\n",
    "    \n",
    "    return R, R_nadir, R_off_nadir, R_azimuth\n",
    "\n",
    "def process_multiple_images(folder_path, pattern, output_json=\"extrinsics.json\", output_npz=\"selected_extrinsics.npz\"):\n",
    "    \"\"\"Process multiple RGB images with x-axis flipped\"\"\"\n",
    "    # Find all matching files\n",
    "    rgb_files = glob.glob(os.path.join(folder_path, pattern))\n",
    "    \n",
    "    if not rgb_files:\n",
    "        print(f\"No files matching pattern '{pattern}' found in {folder_path}\")\n",
    "        return\n",
    "    \n",
    "    print(f\"Found {len(rgb_files)} RGB images\")\n",
    "    \n",
    "    # Create a table for results\n",
    "    results = []\n",
    "    \n",
    "    # Process each image\n",
    "    for rgb_file in rgb_files:\n",
    "        file_name = os.path.basename(rgb_file)\n",
    "        \n",
    "        # Extract RPC data\n",
    "        rpc_data = extract_rpc_data(rgb_file)\n",
    "        \n",
    "        if rpc_data:\n",
    "            # Get location\n",
    "            lat = rpc_data.get(\"LAT_OFF\")\n",
    "            lon = rpc_data.get(\"LONG_OFF\")\n",
    "            alt = rpc_data.get(\"HEIGHT_OFF\")\n",
    "            \n",
    "            # Calculate viewing angles\n",
    "            off_nadir, azimuth = calculate_viewing_angles(rpc_data)\n",
    "            \n",
    "            # Add to results\n",
    "            results.append({\n",
    "                \"file_name\": file_name,\n",
    "                \"latitude\": lat,\n",
    "                \"longitude\": lon,\n",
    "                \"altitude\": alt,\n",
    "                \"off_nadir_angle\": off_nadir,\n",
    "                \"azimuth\": azimuth,\n",
    "                \"google_maps_format\": f\"{lat}, {lon}\"\n",
    "            })\n",
    "        else:\n",
    "            print(f\"Could not extract RPC data from {file_name}\")\n",
    "    \n",
    "    # Sort results by filename\n",
    "    results.sort(key=lambda x: x['file_name'])\n",
    "    \n",
    "    # Calculate reference point (first image)\n",
    "    ref_lat = results[0]['latitude']\n",
    "    ref_lon = results[0]['longitude']\n",
    "    ref_alt = results[0]['altitude']\n",
    "    \n",
    "    # Add camera positions\n",
    "    for r in results:\n",
    "        # Estimate camera position with flipped x-axis\n",
    "        cam_x, cam_y, cam_z = estimate_camera_position(\n",
    "            r['latitude'], r['longitude'], r['altitude'],\n",
    "            r['off_nadir_angle'], r['azimuth']\n",
    "        )\n",
    "        \n",
    "        # Convert ground point to local coordinates with flipped x-axis\n",
    "        ground_x, ground_y, ground_z = latlon_to_xyz(\n",
    "            r['latitude'], r['longitude'], r['altitude'],\n",
    "            ref_lat, ref_lon\n",
    "        )\n",
    "        \n",
    "        # Store camera position in local coordinates relative to the reference point\n",
    "        r['camera_x'] = cam_x + ground_x\n",
    "        r['camera_y'] = cam_y + ground_y\n",
    "        r['camera_z'] = cam_z + ground_z\n",
    "        \n",
    "        # Store ground point in local coordinates\n",
    "        r['ground_x'] = ground_x\n",
    "        r['ground_y'] = ground_y\n",
    "        r['ground_z'] = ground_z\n",
    "    \n",
    "    # Print results in a table format\n",
    "    print(\"\\nResults (sorted by filename):\")\n",
    "    print(\"-\" * 100)\n",
    "    print(f\"{'File Name':<20} {'Latitude':<10} {'Longitude':<12} {'Off-Nadir':<10} {'Azimuth':<10} {'Camera X':<10} {'Camera Y':<10} {'Camera Z':<10}\")\n",
    "    print(\"-\" * 100)\n",
    "    \n",
    "    for r in results:\n",
    "        print(f\"{r['file_name']:<20} {r['latitude']:<10.6f} {r['longitude']:<12.6f} {r['off_nadir_angle']:<10.2f} {r['azimuth']:<10.2f} {r['camera_x']:<10.2f} {r['camera_y']:<10.2f} {r['camera_z']:<10.2f}\")\n",
    "    \n",
    "    # Create extrinsics and save as JSON\n",
    "    create_extrinsics_json(results, output_json)\n",
    "    \n",
    "    # Save just the extrinsics to NPZ\n",
    "    save_extrinsics_to_npz(results, output_npz)\n",
    "    \n",
    "    return results, ref_lat, ref_lon, ref_alt\n",
    "\n",
    "def create_extrinsics_json(results, output_file=\"extrinsics.json\"):\n",
    "    \"\"\"Create extrinsics JSON file with flipped x-axis\"\"\"\n",
    "    extrinsics_dict = {}\n",
    "    \n",
    "    for i, r in enumerate(results):\n",
    "        # Extract view number from filename\n",
    "        view_number = os.path.basename(r['file_name']).split('_')[2]\n",
    "        index = int(view_number)\n",
    "        \n",
    "        # Get camera position\n",
    "        t = np.array([r['camera_x'], r['camera_y'], r['camera_z']])\n",
    "        \n",
    "        # Create rotation matrix from off-nadir and azimuth with flipped x-axis\n",
    "        R, R_nadir, R_off_nadir, R_azimuth = create_rotation_matrix(\n",
    "            r['off_nadir_angle'], r['azimuth']\n",
    "        )\n",
    "        \n",
    "        # In computer vision, we need the transformation from world to camera\n",
    "        # This is the inverse of the camera pose in world coordinates\n",
    "        R_world_to_cam = R.T\n",
    "        t_world_to_cam = -R_world_to_cam @ t\n",
    "        \n",
    "        # Create the 3x4 extrinsic matrix [R|t]\n",
    "        extrinsic = np.zeros((3, 4))\n",
    "        extrinsic[:3, :3] = R_world_to_cam\n",
    "        extrinsic[:3, 3] = t_world_to_cam\n",
    "        \n",
    "        # Use string keys for the dictionary\n",
    "        extrinsics_dict[str(index)] = extrinsic.tolist()\n",
    "        \n",
    "        print(f\"Created extrinsic for index {index}:\")\n",
    "        print(extrinsic)\n",
    "    \n",
    "    # Save in a more readable JSON format\n",
    "    with open(output_file, 'w') as f:\n",
    "        json.dump(extrinsics_dict, f, indent=2)\n",
    "    print(f\"Saved extrinsics to {output_file} (JSON format)\")\n",
    "    \n",
    "    return extrinsics_dict\n",
    "\n",
    "def save_extrinsics_to_npz(results, output_file=\"selected_extrinsics.npz\"):\n",
    "    \"\"\"Save camera extrinsics to NPZ file with flipped x-axis\"\"\"\n",
    "    # Create dictionary to hold extrinsic matrices with string indices as keys\n",
    "    extrinsics_dict = {}\n",
    "    \n",
    "    for r in results:\n",
    "        # Extract view number from filename\n",
    "        view_number = os.path.basename(r['file_name']).split('_')[2]\n",
    "        index = int(view_number)\n",
    "        \n",
    "        # Get camera position\n",
    "        t = np.array([r['camera_x'], r['camera_y'], r['camera_z']])\n",
    "        \n",
    "        # Create rotation matrix with flipped x-axis\n",
    "        R, _, _, _ = create_rotation_matrix(r['off_nadir_angle'], r['azimuth'])\n",
    "        \n",
    "        # World to camera transformation\n",
    "        R_world_to_cam = R.T\n",
    "        t_world_to_cam = -R_world_to_cam @ t\n",
    "        \n",
    "        # Create the 3x4 extrinsic matrix [R|t]\n",
    "        extrinsic = np.zeros((3, 4))\n",
    "        extrinsic[:3, :3] = R_world_to_cam\n",
    "        extrinsic[:3, 3] = t_world_to_cam\n",
    "        \n",
    "        # Use string keys for the dictionary\n",
    "        extrinsics_dict[str(index)] = extrinsic\n",
    "    \n",
    "    # Save the dictionary to NPZ file\n",
    "    np.savez(output_file, **extrinsics_dict)\n",
    "    print(f\"Saved extrinsics to {output_file}\")\n",
    "    \n",
    "    return output_file\n",
    "\n",
    "# Main execution\n",
    "if __name__ == \"__main__\":\n",
    "    # Process all RGB images in the folder\n",
    "    RGB_folder = \"Track3-RGB-1\"\n",
    "    \n",
    "    # Replace this with your actual pattern\n",
    "    results, ref_lat, ref_lon, ref_alt = process_multiple_images(\n",
    "        RGB_folder, \n",
    "        \"JAX_068_*.tif\", \n",
    "        \"camera_extrinsics.json\",\n",
    "        \"selected_extrinsics.npz\"\n",
    "    )"
   ]
  },
  {
   "cell_type": "code",
   "execution_count": 89,
   "id": "fcc3364d",
   "metadata": {},
   "outputs": [
    {
     "data": {
